2.312679350307583809e+04
1.832666752260923386e+04
1.641814147613942623e+04
1.490589047597348690e+04
1.369967400203645229e+04
1.260105063102021813e+04
1.154744266604259610e+04
1.051342847516015172e+04
9.508356671684887260e+03
8.565184332518838346e+03
7.648072115507675335e+03
6.742811415497446433e+03
5.898327998860622756e+03
5.060955312433041399e+03
4.269936367763162707e+03
3.521057366386372451e+03
2.795667574241424518e+03
2.172574172333999741e+03
1.659860508940594627e+03
1.217835036353167197e+03
8.321359121733330539e+02
4.995785351107379029e+02
2.919794215837772526e+02
1.879405254385131343e+02
1.226950052176799772e+02
9.093218105650925054e+01
7.474488114438852904e+01
6.464358459739580098e+01
5.573616273644960017e+01
4.438421649291898774e+01
4.859141754229152355e+01
4.085345081868860717e+01
3.171755199119517243e+01
3.281674563841853143e+01
2.602278380722667350e+01
2.598079879854435958e+01
2.263221071790836803e+01
2.117999565325975908e+01
1.943497297121530920e+01
1.817332133293187013e+01
1.726124314723601572e+01
1.648388279817527291e+01
1.548050969774077323e+01
1.462914982081123050e+01
1.400177009763460134e+01
1.335270471260692382e+01
1.276352949491688271e+01
1.221524825243359302e+01
1.176477682446925144e+01
1.128467716872214943e+01
1.088601358492815940e+01
1.043909505590822384e+01
1.008121424044219516e+01
9.726353350081494042e+00
9.420456029002657772e+00
9.110538098977885468e+00
8.815958207361608956e+00
8.530735414645079118e+00
8.278825971833256858e+00
8.050803156715696574e+00
7.805834628553640187e+00
7.589262770536478797e+00
7.366700613474575832e+00
7.180766625092362077e+00
6.974408106982089350e+00
6.813228168208755875e+00
6.647479140557829069e+00
6.486537921293285436e+00
6.326275301007427743e+00
6.172812522113975575e+00
6.033283096135081180e+00
5.898623073430536934e+00
5.760533694278409556e+00
5.636812033634942765e+00
5.510557449856516854e+00
5.401168938722010537e+00
5.290986748121316197e+00
5.180156256058140229e+00
5.074166683018402679e+00
4.977304137858372002e+00
4.876548427827470888e+00
4.787821360639094692e+00
4.703603979271397506e+00
4.602876435045315517e+00
4.528373266325594670e+00
4.440613945192456669e+00
4.365485952838549011e+00
4.294011023956203488e+00
4.216779491524814460e+00
4.149229459104303075e+00
4.072718996327340690e+00
4.011111880769634652e+00
3.945111504285915061e+00
3.879603755363113748e+00
3.817973361069954663e+00
3.763991612484771210e+00
3.706260208759339037e+00
3.647897467262502857e+00
3.592829521972257467e+00
3.540040617916540455e+00
